$ANSIBLE_VAULT;1.1;AES256
64643234313132663361373439613865666533323035356664346437653038313630383962356132
3332353365343733643639313565336530633438653866360a656632636239326564333061323461
31373035623133623664663138386566643461373933353066343166376264626630663931353231
3237336339313262650a343231396333303730656165383861386231323430376538353561323561
37383864633936633662353163666139636133316230626132396634643735643864373639616666
35323933336433313237333164336561323033323231333966643733303035336136393435356530
33366633333039353239303135626539616263393236633631323661323032623630326331356134
30666139653938353230363862303438653836646265303431373435663131646430323838383364
39363232353734356138353238393531326361363561323238646330383261396463663632623938
36633466333738323431623433373837656534383135313739306531333138363833623466616436
35356434633238663230666538333636396335363766323565313661303233386366333861356233
61646161326235633839363335316364333730653631616461376139653765653336613931383935
36613963666462313761363666663731623338396536353432373966633030323464616366613063
66396666333034323562336666396366653564646164376462633063353166336366353332633138
66343932623332323538303630303132386236326232393863306337323230346266356166393662
39656335656365626462
